0.000000000000000000e+000 0.000000000000000000e+000
1.000000000000000100e-001 1.000000000000000200e-002
2.000000000000000100e-001 4.000000000000000800e-002
2.999999999999999900e-001 8.999999999999999700e-002
4.000000000000000200e-001 1.600000000000000300e-001
5.000000000000000000e-001 2.500000000000000000e-001
5.999999999999999800e-001 3.599999999999999900e-001
6.999999999999999600e-001 4.899999999999999400e-001
8.000000000000000400e-001 6.400000000000001200e-001
9.000000000000000200e-001 8.100000000000000500e-001
1.000000000000000000e+000 1.000000000000000000e+000
1.100000000000000100e+000 1.210000000000000200e+000
1.200000000000000000e+000 1.439999999999999900e+000
1.300000000000000000e+000 1.690000000000000200e+000
1.399999999999999900e+000 1.959999999999999700e+000
1.500000000000000000e+000 2.250000000000000000e+000
1.600000000000000100e+000 2.560000000000000500e+000
1.700000000000000000e+000 2.889999999999999700e+000
1.800000000000000000e+000 3.240000000000000200e+000
1.899999999999999900e+000 3.609999999999999900e+000
2.000000000000000000e+000 4.000000000000000000e+000
2.100000000000000100e+000 4.410000000000000100e+000
2.200000000000000200e+000 4.840000000000000700e+000
2.299999999999999800e+000 5.289999999999999100e+000
2.399999999999999900e+000 5.759999999999999800e+000
2.500000000000000000e+000 6.250000000000000000e+000
2.600000000000000100e+000 6.760000000000000700e+000
2.700000000000000200e+000 7.290000000000000900e+000
2.799999999999999800e+000 7.839999999999999000e+000
2.899999999999999900e+000 8.410000000000000100e+000
3.000000000000000000e+000 9.000000000000000000e+000
3.100000000000000100e+000 9.610000000000001200e+000
3.200000000000000200e+000 1.024000000000000200e+001
3.299999999999999800e+000 1.088999999999999900e+001
3.399999999999999900e+000 1.155999999999999900e+001
3.500000000000000000e+000 1.225000000000000000e+001
3.600000000000000100e+000 1.296000000000000100e+001
3.700000000000000200e+000 1.369000000000000100e+001
3.799999999999999800e+000 1.444000000000000000e+001
3.899999999999999900e+000 1.520999999999999900e+001
4.000000000000000000e+000 1.600000000000000000e+001
4.099999999999999600e+000 1.680999999999999900e+001
4.200000000000000200e+000 1.764000000000000100e+001
4.299999999999999800e+000 1.848999999999999800e+001
4.400000000000000400e+000 1.936000000000000300e+001
4.500000000000000000e+000 2.025000000000000000e+001
4.599999999999999600e+000 2.115999999999999700e+001
4.700000000000000200e+000 2.209000000000000300e+001
4.799999999999999800e+000 2.303999999999999900e+001
4.900000000000000400e+000 2.401000000000000500e+001
